Weight who :  [[-0.91777452 -3.16266109  0.41536852 -1.61388362 -2.27154922]]
Weight wih :  [[-0.58474    -0.74589116 -0.55839757 -0.14229244]
 [-0.74671949 -1.04130549  0.26495705 -0.54677369]
 [-0.39516879 -0.56091482  0.28961597 -0.03008472]
 [-0.11930528 -0.29566811  0.04564021  0.71887941]
 [-4.82969038 -2.76691344  0.16013318  0.29347365]]

flying machine :

Weight who :  [[ 0.04879682  1.5703853   1.56517038 -1.15363299  1.7887606 ]]
Weight wih :  [[-0.31406434  0.49685893 -0.01758265 -0.2502318 ]
 [-0.17166621  0.11838716  0.52028033  0.47400232]
 [ 0.5348388   1.09581588 -0.52542035  0.11429293]
 [ 0.08804737  0.51893312 -0.18972944  0.01734536]
 [-0.97188116  0.31082908  0.30292765  1.17757821]]